image: myRoom2.pgm
resolution: 0.050000
origin: [-2.170593, -6.883372, 0.000000]
negate: 0
occupied_thresh: 0.65
free_thresh: 0.196

